$ANSIBLE_VAULT;1.1;AES256
34663233356433653531633737306237633561616638343135383130393561323466346635646436
3765356636623239313630333766353963396365633633320a353230346538363630626238643431
33633665343661636235306134323065643665336437323334353533643061613536366338343539
3432363264643235330a316135393764323263333935383630666161623063653361346361626134
61393236636363353836353164613765643566313763326331383162366535386533643663653761
31316165663463626163313036643432306238323964623361353462636263663862356265376438
61613566366535383039623436613532386166373064303636363930363230393463633037363432
38363338386537343037346438376666646438623032363238343531623032376637613866643966
33623761613564636530383265353262626163313438333339323535616261653331366432303464
36393964623731353635663235363265623536666661316264646466626666396230646162303330
396232316138366434326632646130333261
